
R1=  2,3,5,4,7,8,9,1,2,5,6,10,8,2,3,1,4,3,6,10,2,4,5,7,8,3,10,9,2,8,6,4,2,5,10,1,2
R2=  2,3,5,4,7,8,9,1,2,5,6,10,8,2,3,1,4,3,6,10,2,4,5,7,8,3,10,9,2,8,6,4,2,5,10,1,2
R3=  2,3,5,4,7,8,9,1,2,5,6,10,8,2,3,1,4,3,6,10,2,4,5,7,8,3,10,9,2,8,6,4,2,5,10,1,2
R4=  2,3,5,4,7,8,9,1,2,5,6,10,8,2,3,1,4,3,6,10,2,4,5,7,8,3,10,9,2,8,6,4,2,5,10,1,2
R5=  2,3,5,4,7,8,9,1,2,5,6,10,8,2,3,1,4,3,6,10,2,4,5,7,8,3,10,9,2,8,6,4,2,5,10,1,2


RB1=  2,3,5,4,7,8,9,1,2,5,6,10,8,2,3,1,4,3,6,10,2,4,5,7,8,3,10,9,2,8,6,4,2,5,10,1,2
RB2=  2,3,5,4,7,8,9,1,2,5,6,10,8,2,3,1,4,3,6,10,2,4,5,7,8,3,10,9,2,8,6,4,2,5,10,1,2
RB3= 2,3,5,4,7,8,9,1,2,12,5,6,10,8,2,3,1,4,3,6,10,2,4,5,7,8,3,10,9,2,8,6,4,2,5,10,1,11,2
RB4=  2,3,5,4,7,8,9,1,2,5,6,10,8,2,3,1,4,3,6,10,2,4,5,7,8,3,10,9,2,8,6,4,2,5,10,1,2
RB5= 2,3,5,4,7,8,9,1,2,5,6,10,8,2,3,1,4,3,6,10,2,4,5,7,8,3,10,9,2,8,6,4,2,5,10,1,2